task,matched_examples,agreement_rate
